49.221551, 55.740649
49.119035, 55.819904
49.13392, 55.790909
49.226007, 55.750768
49.245482, 55.75479
49.154528, 55.836292
49.082932, 55.841124
49.195904, 55.807142
49.173015, 55.722928
48.900978, 55.85384
49.138421, 55.772203
49.132798, 55.821103
49.062154, 55.818028
49.171129, 55.79305
49.131109, 55.835498
49.178513, 55.762606
49.230525, 55.756366
49.148249, 55.820334
49.223581, 55.872021
49.231558, 55.787356
49.224138, 55.788034
49.132977, 55.796906
49.2023, 55.742909
49.070032, 55.83292
49.017831, 55.867258
49.196874, 55.756097
49.134873, 55.828637
49.109603, 55.817643
49.175539, 55.785579
49.236499, 55.778132
49.245815, 55.750109
49.245446, 55.770011
49.18428, 55.789062
49.100314, 55.828652
49.211894, 55.742564
49.101895, 55.837505
49.131513, 55.776168
48.899712, 55.818629
49.09541, 55.868652
49.146919, 55.825249
49.103602, 55.771413
49.112792, 55.779373
49.066699, 55.826756
48.907159, 55.84588
49.101779, 55.859716
49.033579, 55.825563
49.240164, 55.781605
49.266081, 55.807779
49.221425, 55.861656
49.067247, 55.849928
49.17014, 55.765083
49.085277, 55.819449
49.121937, 55.837166
49.194826, 55.762667
49.073724, 55.854977
49.166664, 55.78649
49.154537, 55.787498
49.17306, 55.731642
49.200899, 55.802057
49.221335, 55.792807
49.239104, 55.7586
49.142059, 55.730968
48.904113, 55.857695
49.224605, 55.783256
49.200809, 55.747176
49.088636, 55.87442
49.134675, 55.81428
48.873202, 55.86357
49.112379, 55.824263
49.079294, 55.826559
49.153117, 55.768922
49.264913, 55.775348
49.170635, 55.781013
49.167032, 55.759182
49.068514, 55.874905
49.188233, 55.804627
49.134217, 55.768603
48.889704, 55.855067
48.885878, 55.820046
49.097027, 55.821917
49.224812, 55.748584
49.11431, 55.788576
49.20089, 55.761138
49.12262, 55.817142
49.048419, 55.830129
49.162451, 55.768269
49.157106, 55.830655
49.286302, 55.754562
49.227624, 55.809241
49.189867, 55.746132
48.905254, 55.849125
49.062513, 55.851
49.233633, 55.821583
49.068047, 55.835599
49.077964, 55.862737
49.140981, 55.693728
28.803824, 40.520253
49.149353, 55.784491
49.067571, 55.821537
49.122835, 55.823823
48.922861, 55.808948
49.175602, 55.770314
49.132681, 55.830442
49.174084, 55.724454
49.085753, 55.857887
49.148078, 55.711138
49.13525, 55.824769
49.049964, 55.820759
49.150458, 55.782005
49.234271, 55.760155
49.231828, 55.866606
49.109289, 55.836297
49.086417, 55.866293
49.055632, 55.826812
49.070338, 55.838359
49.079986, 55.853784
49.221515, 55.777748
49.069314, 55.813733
49.24382, 55.871046
49.206729, 55.854163
49.25319, 55.793966
48.958515, 55.80186
49.180022, 55.79684
49.156414, 55.783099
49.079581, 55.821583
49.158687, 55.840902
49.079995, 55.834234
49.213852, 55.775793
49.193524, 55.797701
49.132187, 55.840447
49.220608, 55.763807
49.120967, 55.786804
49.187631, 55.7216
49.173509, 55.788925
49.212397, 55.800772
49.087478, 55.815838
49.182492, 55.814836
49.146569, 55.843899
49.221317, 55.743841
49.161472, 55.752739
49.126357, 55.830179
49.183112, 55.715642
49.170158, 55.729665
49.15521, 55.823849
49.093388, 55.838829
49.04788, 55.82351
49.060366, 55.832394
49.088771, 55.834836
49.177956, 55.803115
49.083875, 55.867137
49.142769, 55.828182
49.259433, 55.766739
49.097539, 55.855699
49.069278, 55.865894
48.875798, 55.866667
49.096568, 55.81083
49.181486, 55.744926
49.228558, 55.792685
49.182654, 55.81002
49.179016, 55.731647
49.193757, 55.852263
49.191916, 55.785468
49.034791, 55.84076
49.14576, 55.77354
49.104528, 55.825446
49.224489, 55.786298
49.10027, 55.840083
49.230381, 55.76286
49.226366, 55.86992
49.230965, 55.751437
49.231468, 55.806064
49.246758, 55.798126
49.194125, 55.780775
49.020014, 55.869693
49.191709, 55.782947
49.293847, 55.874799
49.237838, 55.772568
49.188691, 55.748376
49.201069, 55.841084
49.090199, 55.818786
49.146245, 55.782577
49.135088, 55.816298
49.174381, 55.767524
49.211912, 55.749045
49.087235, 55.821639
49.23879, 55.802234
49.146443, 55.839107
49.058264, 55.823631
49.252696, 55.787457
49.085564, 55.861757
49.219871, 55.864298
49.184657, 55.750464
49.23349, 55.766218
49.091008, 55.861676
49.180094, 55.751224
49.136121, 55.781286
49.120329, 55.824804
49.174632, 55.727653
49.151348, 55.789097
49.141466, 55.769089
49.14417, 55.786753
49.093263, 55.830255
49.213493, 55.754005
49.234271, 55.780674
49.135259, 55.840437
49.19038, 55.752323
49.246695, 55.751482
49.149704, 55.821805
49.058507, 55.814806
49.084926, 55.868859
49.146335, 55.736665
49.235484, 55.779489
49.16696, 55.761988
49.155175, 55.78896
49.152156, 55.833279
49.224129, 55.749684
49.101365, 55.826594
49.173096, 55.732636
49.169377, 55.730649
49.125602, 55.826306
49.150872, 55.84071
49.14629, 55.789962
49.058956, 55.815605
49.232376, 55.769707
49.250396, 55.791132
49.099578, 55.733523
49.06864, 55.822645
49.24382, 55.753301
49.241781, 55.800094
49.182528, 55.800544
49.059414, 55.827322
49.191035, 55.799411
49.114813, 55.818806
49.186643, 55.785832
49.037594, 55.825163
49.129204, 55.827687
49.188017, 55.800737
49.10451, 55.820319
49.236858, 55.801222
49.136022, 55.775256
49.221317, 55.78198
49.244135, 55.801035
49.093083, 55.835422
49.238251, 55.749902
49.216008, 55.739595
49.229447, 55.767251
49.244413, 55.758752
49.180947, 55.811508
49.044808, 55.822847
49.198797, 55.738424
49.186157, 55.727851
49.121631, 55.830761
49.121182, 55.796744
49.099461, 55.864924
49.088214, 55.814345
49.220895, 55.770558
49.053117, 55.83246
48.909943, 55.857225
48.907904, 55.858776
49.150674, 55.831251
49.128944, 55.793541
49.177614, 55.759167
49.095571, 55.867117
49.124874, 55.789051
49.224363, 55.803929
49.144781, 55.836282
49.147045, 55.766567
49.0727, 55.826493
49.246156, 55.793779
49.083291, 55.829224
49.139625, 55.818675
49.107797, 55.776249
49.198123, 55.747231
49.181307, 55.806272
48.877442, 55.864424
48.900915, 55.858983
49.0924, 55.865743
49.210394, 55.747976
49.196641, 55.739833
49.142652, 55.788576
49.100072, 55.81781
49.178234, 55.754573
49.254968, 55.749314
49.1515, 55.842671
49.155489, 55.828217
49.119709, 55.772917
49.176294, 55.764521
49.059729, 55.798677
49.053126, 55.827833
49.10795, 55.83802
48.895795, 55.819697
49.144925, 55.831246
49.183112, 55.812342
49.150961, 55.767398
49.053512, 55.869602
49.091062, 55.833208
49.247566, 55.792351
49.180273, 55.766972
49.146452, 55.816793
49.22536, 55.864808
49.105839, 55.862818
49.134693, 55.836651
49.227624, 55.809241
49.202309, 55.752805
49.244817, 55.80315
49.22501, 55.767919
49.179887, 55.793885
49.199596, 55.760494
49.116071, 55.773981
49.090774, 55.869612
49.233813, 55.754061
49.170518, 55.790205
49.19241, 55.762677
49.114939, 55.823348
49.125153, 55.83656
49.171695, 55.779661
49.216574, 55.788439
48.902766, 55.814831
49.172557, 55.758934
49.087325, 55.858331
49.185888, 55.729006
49.18048, 55.809059
49.119359, 55.799674
49.241018, 55.769094
49.172323, 55.767919
49.06811, 55.869319
49.084926, 55.825522
49.078701, 55.850904
49.266521, 55.809661
49.092733, 55.768891
49.234559, 55.784202
49.23207, 55.779489
48.899649, 55.856174
49.177129, 55.732124
49.244853, 55.751173
49.139984, 55.743162
49.082698, 55.838238
49.055156, 55.819853
49.08215, 55.860292
49.223051, 55.783949
49.237909, 55.775575
49.125818, 55.676463
49.207088, 55.737127
49.226402, 55.740649
49.135178, 55.831807
49.086328, 55.818119
49.143047, 55.743147
49.089867, 55.841635
49.107761, 55.789391
49.095778, 55.825052
49.078809, 55.823469
49.077434, 55.830103
49.072961, 55.831388
49.184684, 55.722872
49.216467, 55.775768
49.184999, 55.805224
49.095347, 55.835923
49.14311, 55.823328
49.107618, 55.816819
49.139211, 55.836474
49.201213, 55.680763
49.079006, 55.83068
49.175854, 55.802482
49.138349, 55.787487
49.074443, 55.822397
49.202839, 55.810304
49.14682, 55.83705
49.14877, 55.779687
49.081351, 55.87044
49.104177, 55.839775
49.229977, 55.747647
49.251824, 55.875253
49.204133, 55.750504
-74.078968, 4.673937
49.174192, 55.804516
49.111993, 55.796764
49.148868, 55.763488
49.149533, 55.828642
49.100162, 55.791273
49.199794, 55.678352
49.2319, 55.785427
49.102399, 55.835377
49.232448, 55.762014
49.201052, 55.762378
49.198195, 55.812949
49.145679, 55.741744
49.244009, 55.762247
49.077839, 55.864904
49.159235, 55.76482
49.079465, 55.832495
49.16829, 55.787401
49.151168, 55.821138
49.187307, 55.807683
49.216664, 55.785903
49.091547, 55.860832
49.193883, 55.795201
49.324615, 55.716889
49.143829, 55.765539
49.205148, 55.80401
49.072772, 55.829112
49.057222, 55.833188
49.0159, 55.866369
49.083893, 55.86301
49.059225, 55.813152
49.239661, 55.772082
49.226141, 55.743776
48.902613, 55.821087
49.095302, 55.835068
49.209801, 55.751994
49.183696, 55.779378
49.087495, 55.867617
49.185538, 55.778249
49.230319, 55.782
49.235223, 55.745569
49.144826, 55.839153
49.230462, 55.807643
49.176096, 55.729965
49.230786, 55.743036
49.208678, 55.743502
49.057114, 55.79639
49.138448, 55.774725
49.200782, 55.75552
49.204681, 55.807415
49.065963, 55.850403
49.229941, 55.771687
49.201339, 55.804653
49.204223, 55.742362
49.232133, 55.754086
49.1515, 55.783838
49.180687, 55.797356
49.144377, 55.770471
49.123374, 55.836944
49.150261, 55.738708
48.960034, 55.80189
49.215011, 55.744647
49.097485, 55.869329
48.894573, 55.821492
49.170185, 55.783742
49.203504, 55.745878
49.085986, 55.830291
49.119916, 55.83749
49.184729, 55.749218
49.127309, 55.780897
49.130138, 55.84213
49.20451, 55.774897
49.207061, 55.79557
49.214239, 55.755029
49.131881, 55.824597
49.205193, 55.795099
49.230058, 55.754993
49.227624, 55.755186
49.151465, 55.837929
49.121353, 55.820855
48.884593, 55.864924
49.197476, 55.811584
49.225108, 55.788024
49.081665, 55.814128
49.099021, 55.842762
49.142059, 55.730968
49.126249, 55.819939
49.159019, 55.833091
49.084558, 55.836079
49.246309, 55.87593
49.080228, 55.840396
49.081935, 55.837313
49.104348, 55.792225
49.159531, 55.738733
49.244737, 55.780613
49.221839, 55.789289
49.198276, 55.680072
49.202112, 55.738607
48.903772, 55.852506
49.18958, 55.747348
49.168335, 55.724302
49.227291, 55.783549
49.068478, 55.811149
49.225216, 55.858523
49.248635, 55.79304
49.174937, 55.722573
49.139831, 55.748756
49.147575, 55.770806
49.182618, 55.746593
49.020364, 55.874668
49.082698, 55.854461
49.231424, 55.870602
49.218443, 55.860979
49.183328, 55.763736
49.063987, 55.826159
49.065792, 55.830098
49.129312, 55.78853
48.909943, 55.857225
49.226402, 55.740649
49.06555, 55.815929
49.226141, 55.743776
49.232133, 55.754086
49.101779, 55.859716
49.178854, 55.801182
49.088214, 55.814345
49.237909, 55.775575
49.0159, 55.866369
48.897277, 55.859675
49.237056, 55.76565
49.209801, 55.751994
49.207474, 55.904927
49.244853, 55.751173
49.083543, 55.703155
49.091062, 55.833208
49.256217, 55.789269
48.884036, 55.867319
49.229977, 55.747647
49.170796, 55.761791
49.059414, 55.827322
49.069278, 55.865894
49.083255, 55.865298
49.090217, 55.838329
49.234559, 55.784202
49.146335, 55.736665
49.099578, 55.733523
49.188691, 55.748376
49.06714, 55.836312
49.055776, 55.879187
49.175153, 55.783529
49.130022, 55.754851
49.087325, 55.858331
49.208678, 55.743502
49.172557, 55.758934
49.078701, 55.850904
49.10822, 55.789451
49.145715, 55.733173
49.148311, 55.821376
49.191709, 55.782947
49.1667, 55.721052
49.09125, 55.854845
49.244413, 55.758752
49.226016, 55.795838
49.146623, 55.828784
49.078701, 55.850904
49.087325, 55.858331
49.151042, 55.822225
48.880119, 55.867662
49.16696, 55.761988
49.104779, 55.786359
49.083094, 55.808498
49.085923, 55.864545
48.909943, 55.857225
49.205866, 55.735439
49.230786, 55.743036
49.224668, 55.780188
49.093496, 55.870915
49.063232, 55.827803
48.87393, 55.868117
49.098688, 55.772507
48.886039, 55.819009
49.245868, 55.759096
49.056935, 55.823292
49.136292, 55.81826
49.068864, 55.853971
49.230462, 55.807643
49.069314, 55.813733
49.244925, 55.755804
49.078701, 55.850904
49.273105, 55.868581
49.211697, 55.740598
49.095778, 55.825052
49.186436, 55.784926
49.175441, 55.795023
49.187101, 55.716833
49.232448, 55.777029
48.875098, 55.868369
49.17748, 55.760905
49.216664, 55.785903
49.146021, 55.821952
49.090424, 55.86498
49.18552, 55.786156
49.19179, 55.745934
49.041133, 55.824036
49.237909, 55.775575
49.150108, 55.789568
49.234271, 55.780674
49.224129, 55.749684
49.146452, 55.816793
49.203504, 55.745878
48.907159, 55.84588
49.187101, 55.716833
49.181765, 55.807531
49.156297, 55.790327
49.184684, 55.722872
49.089607, 55.807754
49.231828, 55.866606
49.184972, 55.81125
49.085277, 55.819449
49.154537, 55.787498
49.232133, 55.754086
49.146245, 55.782577
49.150611, 55.724332
49.12262, 55.817142
49.24382, 55.871046
49.174291, 55.787153
49.107258, 55.825932
49.125288, 55.793085
49.2319, 55.785427
49.132187, 55.840447
49.207061, 55.79557
49.109603, 55.817643
49.146919, 55.825249
49.147593, 55.794123
49.101851, 55.833572
49.22112, 55.751492
49.152156, 55.833279
49.148249, 55.820334
49.10795, 55.83802
49.17253, 55.772051
49.24718, 55.766375
49.132681, 55.830442
49.244773, 55.759831
49.160843, 55.787442
49.102893, 55.864909
49.140245, 55.816187
49.187038, 55.767625
49.229357, 55.779352
48.875098, 55.868369
